ANALYSIS OF PLATE WITH HOLE -- DATA FOR 36 Q9 ELEMENTS
  169    2   36    9    2    1
    1    000000     1.000     0.000     0.000
                        0         0
    2    000000     0.972     0.165     0.000
                        0         0
    3    000000     0.944     0.330     0.000
                        0         0
    4    000000     0.888     0.438     0.000
                        0         0
    5    000000     0.833     0.545     0.000
                        0         0
    6    000000     0.770     0.626     0.000
                        0         0
    7    000000     0.707     0.707     0.000
                        0         0
    8    000000     0.626     0.772     0.000
                        0         0
    9    000000     0.545     0.838     0.000
                        0         0
   10    000000     0.438     0.891     0.000
                        0         0
   11    000000     0.330     0.944     0.000
                        0         0
   12    000000     0.165     0.972     0.000
                        0         0
   13    000000     0.000     1.000     0.000
                        0         0
   14    000000     1.250     0.000     0.000
                        0         0
   15    000000     1.215     0.206     0.000
                        0         0
   16    000000     1.180     0.413     0.000
                        0         0
   17    000000     1.113     0.547     0.000
                        0         0
   18    000000     1.046     0.681     0.000
                        0         0
   19    000000     0.965     0.783     0.000
                        0         0
   20    000000     0.884     0.884     0.000
                        0         0
   21    000000     0.783     0.966     0.000
                        0         0
   22    000000     0.681     1.048     0.000
                        0         0
   23    000000     0.547     1.114     0.000
                        0         0
   24    000000     0.413     1.180     0.000
                        0         0
   25    000000     0.206     1.215     0.000
                        0         0
   26    000000     0.000     1.250     0.000
                        0         0
   27    000000     1.500     0.000     0.000
                        0         0
   28    000000     1.458     0.248     0.000
                        0         0
   29    000000     1.416     0.496     0.000
                        0         0
   30    000000     1.337     0.656     0.000
                        0         0
   31    000000     1.258     0.817     0.000
                        0         0
   32    000000     1.159     0.939     0.000
                        0         0
   33    000000     1.061     1.061     0.000
                        0         0
   34    000000     0.939     1.159     0.000
                        0         0
   35    000000     0.817     1.258     0.000
                        0         0
   36    000000     0.656     1.337     0.000
                        0         0
   37    000000     0.496     1.416     0.000
                        0         0
   38    000000     0.248     1.458     0.000
                        0         0
   39    000000     0.000     1.500     0.000
                        0         0
   40    000000     2.000     0.000     0.000
                        0         0
   41    000000     1.944     0.331     0.000
                        0         0
   42    000000     1.888     0.661     0.000
                        0         0
   43    000000     1.783     0.875     0.000
                        0         0
   44    000000     1.677     1.090     0.000
                        0         0
   45    000000     1.546     1.252     0.000
                        0         0
   46    000000     1.414     1.414     0.000
                        0         0
   47    000000     1.252     1.546     0.000
                        0         0
   48    000000     1.090     1.677     0.000
                        0         0
   49    000000     0.875     1.783     0.000
                        0         0
   50    000000     0.661     1.888     0.000
                        0         0
   51    000000     0.331     1.944     0.000
                        0         0
   52    000000     0.000     2.000     0.000
                        0         0
   53    000000     2.500     0.000     0.000
                        0         0
   54    000000     2.430     0.413     0.000
                        0         0
   55    000000     2.360     0.826     0.000
                        0         0
   56    000000     2.228     1.094     0.000
                        0         0
   57    000000     2.096     1.362     0.000
                        0         0
   58    000000     1.932     1.565     0.000
                        0         0
   59    000000     1.768     1.768     0.000
                        0         0
   60    000000     1.565     1.932     0.000
                        0         0
   61    000000     1.362     2.096     0.000
                        0         0
   62    000000     1.094     2.228     0.000
                        0         0
   63    000000     0.826     2.360     0.000
                        0         0
   64    000000     0.413     2.430     0.000
                        0         0
   65    000000     0.000     2.500     0.000
                        0         0
   66    000000     3.250     0.000     0.000
                        0         0
   67    000000     3.159     0.537     0.000
                        0         0
   68    000000     3.067     1.073     0.000
                        0         0
   69    000000     2.896     1.422     0.000
                        0         0
   70    000000     2.725     1.771     0.000
                        0         0
   71    000000     2.512     2.035     0.000
                        0         0
   72    000000     2.298     2.298     0.000
                        0         0
   73    000000     2.035     2.512     0.000
                        0         0
   74    000000     1.771     2.725     0.000
                        0         0
   75    000000     1.422     2.896     0.000
                        0         0
   76    000000     1.073     3.067     0.000
                        0         0
   77    000000     0.537     3.159     0.000
                        0         0
   78    000000     0.000     3.250     0.000
                        0         0
   79    000000     4.000     0.000     0.000
                        0         0
   80    000000     3.888     0.660     0.000
                        0         0
   81    000000     3.775     1.321     0.000
                        0         0
   82    000000     3.564     1.751     0.000
                        0         0
   83    000000     3.354     2.180     0.000
                        0         0
   84    000000     3.091     2.504     0.000
                        0         0
   85    000000     2.828     2.828     0.000
                        0         0
   86    000000     2.504     3.091     0.000
                        0         0
   87    000000     2.180     3.354     0.000
                        0         0
   88    000000     1.751     3.564     0.000
                        0         0
   89    000000     1.321     3.775     0.000
                        0         0
   90    000000     0.660     3.888     0.000
                        0         0
   91    000000     0.000     4.000     0.000
                        0         0
   92    000000     5.000     0.000     0.000
                        0         0
   93    000000     4.812     0.809     0.000
                        0         0
   94    000000     4.625     1.619     0.000
                        0         0
   95    000000     4.430     2.185     0.000
                        0         0
   96    000000     4.235     2.752     0.000
                        0         0
   97    000000     4.009     3.267     0.000
                        0         0
   98    000000     3.783     3.783     0.000
                        0         0
   99    000000     3.267     4.009     0.000
                        0         0
  100    000000     2.752     4.235     0.000
                        0         0
  101    000000     2.185     4.430     0.000
                        0         0
  102    000000     1.619     4.625     0.000
                        0         0
  103    000000     0.809     4.812     0.000
                        0         0
  104    000000     0.000     5.000     0.000
                        0         0
  105    000000     6.000     0.000     0.000
                        0         0
  106    000000     5.737     0.958     0.000
                        0         0
  107    000000     5.474     1.916     0.000
                        0         0
  108    000000     5.295     2.620     0.000
                        0         0
  109    000000     5.115     3.324     0.000
                        0         0
  110    000000     4.927     4.031     0.000
                        0         0
  111    000000     4.738     4.738     0.000
                        0         0
  112    000000     4.031     4.927     0.000
                        0         0
  113    000000     3.324     5.115     0.000
                        0         0
  114    000000     2.620     5.295     0.000
                        0         0
  115    000000     1.916     5.474     0.000
                        0         0
  116    000000     0.958     5.737     0.000
                        0         0
  117    000000     0.000     6.000     0.000
                        0         0
  118    000000     7.000     0.000     0.000
                        0         0
  119    000000     6.804     1.156     0.000
                        0         0
  120    000000     6.607     2.312     0.000
                        0         0
  121    000000     6.343     3.132     0.000
                        0         0
  122    000000     6.079     3.951     0.000
                        0         0
  123    000000     6.027     4.963     0.000
                        0         0
  124    000000     5.975     5.975     0.000
                        0         0
  125    000000     4.963     6.027     0.000
                        0         0
  126    000000     3.951     6.079     0.000
                        0         0
  127    000000     3.132     6.343     0.000
                        0         0
  128    000000     2.312     6.607     0.000
                        0         0
  129    000000     1.156     6.804     0.000
                        0         0
  130    000000     0.000     7.000     0.000
                        0         0
  131    000000     8.000     0.000     0.000
                        0         0
  132    000000     7.870     1.355     0.000
                        0         0
  133    000000     7.740     2.709     0.000
                        0         0
  134    000000     7.392     3.644     0.000
                        0         0
  135    000000     7.043     4.578     0.000
                        0         0
  136    000000     7.127     5.895     0.000
                        0         0
  137    000000     7.212     7.212     0.000
                        0         0
  138    000000     5.895     7.127     0.000
                        0         0
  139    000000     4.578     7.043     0.000
                        0         0
  140    000000     3.644     7.392     0.000
                        0         0
  141    000000     2.709     7.740     0.000
                        0         0
  142    000000     1.355     7.870     0.000
                        0         0
  143    000000     0.000     8.000     0.000
                        0         0
  144    000000     9.000     0.000     0.000
                        0         0
  145    000000     8.935     1.552     0.000
                        0         0
  146    000000     8.870     3.104     0.000
                        0         0
  147    000000     8.696     4.322     0.000
                        0         0
  148    000000     8.521     5.539     0.000
                        0         0
  149    000000     8.564     7.073     0.000
                        0         0
  150    000000     8.606     8.606     0.000
                        0         0
  151    000000     7.073     8.564     0.000
                        0         0
  152    000000     5.539     8.521     0.000
                        0         0
  153    000000     4.322     8.696     0.000
                        0         0
  154    000000     3.104     8.870     0.000
                        0         0
  155    000000     1.552     8.935     0.000
                        0         0
  156    000000     0.000     9.000     0.000
                        0         0
  157    000000    10.000     0.000     0.000
                        0         0
  158    000000    10.000     1.750     0.000
                        0         0
  159    000000    10.000     3.500     0.000
                        0         0
  160    000000    10.000     5.000     0.000
                        0         0
  161    000000    10.000     6.500     0.000
                        0         0
  162    000000    10.000     8.250     0.000
                        0         0
  163    000000    10.000    10.000     0.000
                        0         0
  164    000000     8.250    10.000     0.000
                        0         0
  165    000000     6.500    10.000     0.000
                        0         0
  166    000000     5.000    10.000     0.000
                        0         0
  167    000000     3.500    10.000     0.000
                        0         0
  168    000000     1.750    10.000     0.000
                        0         0
  169    000000     0.000    10.000     0.000
                        0         0
    1    1    1   27   29    3   14   28   16    2   15
    2    1    3   29   31    5   16   30   18    4   17
    3    1    5   31   33    7   18   32   20    6   19
    4    1    7   33   35    9   20   34   22    8   21
    5    1    9   35   37   11   22   36   24   10   23
    6    1   11   37   39   13   24   38   26   12   25
    7    1   27   53   55   29   40   54   42   28   41
    8    1   29   55   57   31   42   56   44   30   43
    9    1   31   57   59   33   44   58   46   32   45
   10    1   33   59   61   35   46   60   48   34   47
   11    1   35   61   63   37   48   62   50   36   49
   12    1   37   63   65   39   50   64   52   38   51
   13    1   53   79   81   55   66   80   68   54   67
   14    1   55   81   83   57   68   82   70   56   69
   15    1   57   83   85   59   70   84   72   58   71
   16    1   59   85   87   61   72   86   74   60   73
   17    1   61   87   89   63   74   88   76   62   75
   18    1   63   89   91   65   76   90   78   64   77
   19    1   79  105  107   81   92  106   94   80   93
   20    1   81  107  109   83   94  108   96   82   95
   21    1   83  109  111   85   96  110   98   84   97
   22    1   85  111  113   87   98  112  100   86   99
   23    1   87  113  115   89  100  114  102   88  101
   24    1   89  115  117   91  102  116  104   90  103
   25    1  105  131  133  107  118  132  120  106  119
   26    1  107  133  135  109  120  134  122  108  121
   27    1  109  135  137  111  122  136  124  110  123
   28    1  111  137  139  113  124  138  126  112  125
   29    1  113  139  141  115  126  140  128  114  127
   30    1  115  141  143  117  128  142  130  116  129
   31    1  131  157  159  133  144  158  146  132  145
   32    1  133  159  161  135  146  160  148  134  147
   33    1  135  161  163  137  148  162  150  136  149
   34    1  137  163  165  139  150  164  152  138  151
   35    1  139  165  167  141  152  166  154  140  153
   36    1  141  167  169  143  154  168  156  142  155
    1     3e+07      0.25         1
