ANALYSIS OF PLATE WITH HOLE -- DATA FOR 144 CST ELEMENTS              
   85    2  144    3    2    1                                        
    1    010000     1.000      .000      .000                         
                       0.        0.                                   
    2    000000      .944      .330      .000                         
                       0.        0.                                   
    3    000000      .833      .545      .000                         
                       0.        0.                                   
    4    000000      .707      .707      .000                         
                       0.        0.                                   
    5    000000      .545      .838      .000                         
                       0.        0.                                   
    6    000000      .330      .944      .000                         
                       0.        0.                                   
    7    100000      .000     1.000      .000                         
                       0.        0.                                   
    8    000000     1.215      .206      .000                         
                       0.        0.                                   
    9    000000     1.113      .547      .000                         
                       0.        0.                                   
   10    000000      .965      .783      .000                         
                       0.        0.                                   
   11    000000      .783      .966      .000                         
                       0.        0.                                   
   12    000000      .547     1.114      .000                         
                       0.        0.                                   
   13    000000      .206     1.215      .000                         
                       0.        0.                                   
   14    010000     1.500      .000      .000                         
                       0.        0.                                   
   15    000000     1.416      .496      .000                         
                       0.        0.                                   
   16    000000     1.258      .817      .000                         
                       0.        0.                                   
   17    000000     1.061     1.061      .000                         
                       0.        0.                                   
   18    000000      .817     1.258      .000                         
                       0.        0.                                   
   19    000000      .496     1.416      .000                         
                       0.        0.                                   
   20    100000      .000     1.500      .000                         
                       0.        0.                                   
   21    000000     1.944      .331      .000                         
                       0.        0.                                   
   22    000000     1.783      .875      .000                         
                       0.        0.                                   
   23    000000     1.546     1.252      .000                         
                       0.        0.                                   
   24    000000     1.252     1.546      .000                         
                       0.        0.                                   
   25    000000      .875     1.783      .000                         
                       0.        0.                                   
   26    000000      .331     1.944      .000                         
                       0.        0.                                   
   27    010000     2.500      .000      .000                         
                       0.        0.                                   
   28    000000     2.360      .826      .000                         
                       0.        0.                                   
   29    000000     2.096     1.362      .000                         
                       0.        0.                                   
   30    000000     1.768     1.768      .000                         
                       0.        0.                                   
   31    000000     1.362     2.096      .000                         
                       0.        0.                                   
   32    000000      .826     2.360      .000                         
                       0.        0.                                   
   33    100000      .000     2.500      .000                         
                       0.        0.                                   
   34    000000     3.159      .537      .000                         
                       0.        0.                                   
   35    000000     2.896     1.422      .000                         
                       0.        0.                                   
   36    000000     2.512     2.035      .000                         
                       0.        0.                                   
   37    000000     2.035     2.512      .000                         
                       0.        0.                                   
   38    000000     1.422     2.896      .000                         
                       0.        0.                                   
   39    000000      .537     3.159      .000                         
                       0.        0.                                   
   40    010000     4.000      .000      .000                         
                       0.        0.                                   
   41    000000     3.775     1.321      .000                         
                       0.        0.                                   
   42    000000     3.354     2.180      .000                         
                       0.        0.                                   
   43    000000     2.828     2.828      .000                         
                       0.        0.                                   
   44    000000     2.180     3.354      .000                         
                       0.        0.                                   
   45    000000     1.321     3.775      .000                         
                       0.        0.                                   
   46    100000      .000     4.000      .000                         
                       0.        0.                                   
   47    000000     4.812      .809      .000                         
                       0.        0.                                   
   48    000000     4.430     2.185      .000                         
                       0.        0.                                   
   49    000000     4.009     3.267      .000                         
                       0.        0.                                   
   50    000000     3.267     4.009      .000                         
                       0.        0.                                   
   51    000000     2.185     4.430      .000                         
                       0.        0.                                   
   52    000000      .809     4.812      .000                         
                       0.        0.                                   
   53    010000     6.000      .000      .000                         
                       0.        0.                                   
   54    000000     5.474     1.916      .000                         
                       0.        0.                                   
   55    000000     5.115     3.324      .000                         
                       0.        0.                                   
   56    000000     4.738     4.738      .000                         
                       0.        0.                                   
   57    000000     3.324     5.115      .000                         
                       0.        0.                                   
   58    000000     1.916     5.474      .000                         
                       0.        0.                                   
   59    100000      .000     6.000      .000                         
                       0.        0.                                   
   60    000000     6.804     1.156      .000                         
                       0.        0.                                   
   61    000000     6.343     3.132      .000                         
                       0.        0.                                   
   62    000000     6.027     4.963      .000                         
                       0.        0.                                   
   63    000000     4.963     6.027      .000                         
                       0.        0.                                   
   64    000000     3.132     6.343      .000                         
                       0.        0.                                   
   65    000000     1.156     6.804      .000                         
                       0.        0.                                   
   66    010000     8.000      .000      .000                         
                       0.        0.                                   
   67    000000     7.740     2.709      .000                         
                       0.        0.                                   
   68    000000     7.043     4.578      .000                         
                       0.        0.                                   
   69    000000     7.212     7.212      .000                         
                       0.        0.                                   
   70    000000     4.578     7.043      .000                         
                       0.        0.                                   
   71    000000     2.709     7.740      .000                         
                       0.        0.                                   
   72    100000      .000     8.000      .000                         
                       0.        0.                                   
   73    000000     8.935     1.552      .000                         
                       0.        0.                                   
   74    000000     8.696     4.322      .000                         
                       0.        0.                                   
   75    000000     8.564     7.073      .000                         
                       0.        0.                                   
   76    000000     7.073     8.564      .000                         
                       0.        0.                                   
   77    000000     4.322     8.696      .000                         
                       0.        0.                                   
   78    000000     1.552     8.935      .000                         
                       0.        0.                                   
   79    010000    10.000      .000      .000                         
                       0.        0.                                   
   80    000000    10.000     3.500      .000                         
                       0.        0.                                   
   81    000000    10.000     6.500      .000                         
                       0.        0.                                   
   82    000000    10.000    10.000      .000                         
                       0.     1.750                                   
   83    000000     6.500    10.000      .000                         
                       0.     3.250                                   
   84    000000     3.500    10.000      .000                         
                       0.     3.250                                   
   85    100000      .000    10.000      .000                         
                       0.     1.750                                   
    1    1    1   14    8
    2    1   14   15    8
    3    1   15    2    8
    4    1    2    1    8
    5    1    2   15    9
    6    1   15   16    9
    7    1   16    3    9
    8    1    3    2    9
    9    1    3   16   10
   10    1   16   17   10
   11    1   17    4   10
   12    1    4    3   10
   13    1    4   17   11
   14    1   17   18   11
   15    1   18    5   11
   16    1    5    4   11
   17    1    5   18   12
   18    1   18   19   12
   19    1   19    6   12
   20    1    6    5   12
   21    1    6   19   13
   22    1   19   20   13
   23    1   20    7   13
   24    1    7    6   13
   25    1   14   27   21
   26    1   27   28   21
   27    1   28   15   21
   28    1   15   14   21
   29    1   15   28   22
   30    1   28   29   22
   31    1   29   16   22
   32    1   16   15   22
   33    1   16   29   23
   34    1   29   30   23
   35    1   30   17   23
   36    1   17   16   23
   37    1   17   30   24
   38    1   30   31   24
   39    1   31   18   24
   40    1   18   17   24
   41    1   18   31   25
   42    1   31   32   25
   43    1   32   19   25
   44    1   19   18   25
   45    1   19   32   26
   46    1   32   33   26
   47    1   33   20   26
   48    1   20   19   26
   49    1   27   40   34
   50    1   40   41   34
   51    1   41   28   34
   52    1   28   27   34
   53    1   28   41   35
   54    1   41   42   35
   55    1   42   29   35
   56    1   29   28   35
   57    1   29   42   36
   58    1   42   43   36
   59    1   43   30   36
   60    1   30   29   36
   61    1   30   43   37
   62    1   43   44   37
   63    1   44   31   37
   64    1   31   30   37
   65    1   31   44   38
   66    1   44   45   38
   67    1   45   32   38
   68    1   32   31   38
   69    1   32   45   39
   70    1   45   46   39
   71    1   46   33   39
   72    1   33   32   39
   73    1   40   53   47
   74    1   53   54   47
   75    1   54   41   47
   76    1   41   40   47
   77    1   41   54   48
   78    1   54   55   48
   79    1   55   42   48
   80    1   42   41   48
   81    1   42   55   49
   82    1   55   56   49
   83    1   56   43   49
   84    1   43   42   49
   85    1   43   56   50
   86    1   56   57   50
   87    1   57   44   50
   88    1   44   43   50
   89    1   44   57   51
   90    1   57   58   51
   91    1   58   45   51
   92    1   45   44   51
   93    1   45   58   52
   94    1   58   59   52
   95    1   59   46   52
   96    1   46   45   52
   97    1   53   66   60
   98    1   66   67   60
   99    1   67   54   60
  100    1   54   53   60
  101    1   54   67   61
  102    1   67   68   61
  103    1   68   55   61
  104    1   55   54   61
  105    1   55   68   62
  106    1   68   69   62
  107    1   69   56   62
  108    1   56   55   62
  109    1   56   69   63
  110    1   69   70   63
  111    1   70   57   63
  112    1   57   56   63
  113    1   57   70   64
  114    1   70   71   64
  115    1   71   58   64
  116    1   58   57   64
  117    1   58   71   65
  118    1   71   72   65
  119    1   72   59   65
  120    1   59   58   65
  121    1   66   79   73
  122    1   79   80   73
  123    1   80   67   73
  124    1   67   66   73
  125    1   67   80   74
  126    1   80   81   74
  127    1   81   68   74
  128    1   68   67   74
  129    1   68   81   75
  130    1   81   82   75
  131    1   82   69   75
  132    1   69   68   75
  133    1   69   82   76
  134    1   82   83   76
  135    1   83   70   76
  136    1   70   69   76
  137    1   70   83   77
  138    1   83   84   77
  139    1   84   71   77
  140    1   71   70   77
  141    1   71   84   78
  142    1   84   85   78
  143    1   85   72   78
  144    1   72   71   78
    1    30.E06       .25        1.                                   
                                                                      
123456789 123456789 123456789 123456789 123456789 123456789 123456789 
