PATCH TEST FOR XX STRAIN -- DATA FOR 4 CST ELEMENTS              
    5    2    4    3    2    1                                        
    1    110000     0.000      .000      .000                          
                       0.        0.                                   
    2    000000     8.000      .000      .000                         
                       3.        0.                                   
    3    000000     8.000     6.000      .000                         
                       3.        0.                                   
    4    100000      .000     6.000      .000                         
                       0.        0.                                   
    5    000000     4.000     5.000      .000                         
                       0.        0.                                   
    1    1    4    1    5
    2    1    1    2    5
    3    1    2    3    5
    4    1    3    4    5
    1    30.E06       .25        1.                                   
                                                                      
123456789 123456789 123456789 123456789 123456789 123456789 123456789 
