SINGLE ELEMENT TEST -- DATA FOR Q9 ELEMENTS              
   15    2    2    9    2    1                                        
    1    110000     0.000      .000      .000                          
                       0.        0.                                   
    2    000000     2.000      .000      .000
                       0.        0.
    3    000000     4.000       000      .000                         
                       0.        0.
    4    000000     6.000      .000      .000                         
                       0.        0.
    5    010000     8.000      .000      .000                         
                      .5         0.
    6    000000     0.000     1.500      .000
                      -2.        0.
    7    000000     2.000     1.500      .000
                       0.        0.
    8    000000     4.000     1.500      .000                         
                       0.        0.
    9    000000     6.000     1.500      .000                         
                       0.        0.
   10    000000     8.000     1.500      .000
                       2.        0.
   11    000000     0.000     3.000      .000
                      -.5        0.
   12    000000     2.000     3.000      .000                         
                       0.        0.
   13    000000     4.000     3.000      .000                         
                       0.        0.
   14    000000     6.000     3.000      .000                         
                       0.        0.
   15    000000     8.000     3.000      .000                         
                       .5        0.
    1    1    1    3   13   11    2    8   12    6    7
    2    1    3    5   15   13    4   10   14    8    9
    1    30.E06       .25        1.                                   
                                                                      
123456789 123456789 123456789 123456789 123456789 123456789 123456789 
