SINGLE ELEMENT TEST -- DATA FOR Q9 ELEMENTS              
   25    2    4    9    2    1                                        
    1    110000     0.000      .000      .000                          
                       0.        0.                                   
    2    000000     2.000      .000      .000
                       0.        0.                                       
    3    000000     4.000       000      .000                         
                       0.        0.                                       
    4    000000     6.000      .000      .000                         
                       0.        0.                                       
    5    010000     8.000      .000      .000                         
                       .5        0.                                       
    6    000000     0.000     1.500      .000                         
                      -2.        0.                                       
    7    000000     2.000     1.500      .000
                       0.        0.                                           
    8    000000     4.000     1.500      .000                         
                       0.        0.                                       
    9    000000     6.000     1.500      .000                         
                       0.        0.                                   
   10    000000     8.000     1.500      .000                         
                       2.        0.                                   
   11    000000     0.000     3.000      .000                         
                      -1.        0.                                   
   12    000000     2.000     3.000      .000                         
                       0.        0.                                   
   13    000000     4.000     3.000      .000                         
                       0.        0.                                   
   14    000000     6.000     3.000      .000                         
                       0.        0.                                   
   15    000000     8.000     3.000      .000                         
                       1.        0.                                   
   16    000000     0.000     4.500      .000                         
                      -2.        0.                                   
   17    000000     2.000     4.500      .000                         
                       0.        0.                                   
   18    000000     4.000     4.500      .000                         
                       0.        0.                                   
   19    000000     6.000     4.500      .000                         
                       0.        0.                                   
   20    000000     8.000     4.500      .000                         
                       2.        0.                                   
   21    000000     0.000     6.000      .000                         
                     -0.5        0.                                   
   22    000000     2.000     6.000      .000                         
                       0.        0.                                   
   23    000000     4.000     6.000      .000                         
                       0.        0.                                   
   24    000000     6.000     6.000      .000                         
                       0.        0.                                   
   25    000000     8.000     6.000      .000                         
                      0.5        0.
    1    1    1    3   13   11    2    8   12    6    7
    2    1    3    5   15   13    4   10   14    8    9
    3    1   11   13   23   21   12   18   22   16   17
    4    1   13   15   25   23   14   20   24   18   19
    1    30.E06       .25        1.                                   
                                                                      
123456789 123456789 123456789 123456789 123456789 123456789 123456789 
