SINGLE ELEMENT TEST -- DATA FOR Q9 ELEMENTS              
    9    2    1    9    2    1                                        
    1    110000     0.000      .000      .000                          
                       0.        0.                                   
    2    000000     8.000      .000      .000                         
                       0.        0.                                   
    3    000000     8.000     6.000      .000                         
                       0.        0.                                   
    4    100000      .000     6.000      .000                         
                       0.        0.
    5    000000     4.000     0.000      .000                         
                       0.        0.                                     
    6    000000     8.000     3.000      .000                         
                       0.        0.  
    7    000000     4.000     6.000      .000                         
                       0.        0.  
    8    000000     0.000     3.000      .000                         
                       0.        0.  
    9    000000     4.000     3.000      .000                         
                       0.        0.                                   
    1    1    1    2    3    4    5    6    7    8    9
    1    30.E06       .25        1.                                   
                                                                      
123456789 123456789 123456789 123456789 123456789 123456789 123456789 
